0.33608,0.44725,0.57818,0.59255,0.55056,0.049105,0.13242,0.92023,0.13029,0.88907
0.55947,0.33538,0.47274,0.58616,1.003,0.045808,0.84964,0.53831,0.57334,0.5038
0.72386,1.004,0.79288,0.75779,0.89954,0.80295,0.038113,0.78501,0.34451,0.42124
0.38596,0.63729,0.48834,0.32607,0.36606,0.76034,0.25568,0.46391,0.61849,0.78804
0.27858,0.80857,0.65725,0.96091,0.85908,0.64906,1.0469,0.36661,0.19202,0.50381
1.0358,-0.23548,0.60087,-0.069729,0.42454,0.013614,0.6825,0.21564,0.57689,0.40898
0.97009,1.429,0.97243,0.43387,0.20806,0.51009,0.13984,0.23436,1.2178,0.94541
0.96182,0.69461,0.50689,0.074966,0.87071,0.77487,-0.064809,0.49465,0.84853,0.74703
0.90317,0.64324,1.0298,0.55032,0.26435,0.57113,0.68945,0.69447,0.095744,0.28448
0.70825,0.58264,0.65211,0.7419,1.0534,0.89528,-0.0073358,0.63359,0.19662,0.89864
1.2157,-0.13657,0.41255,0.048601,0.87635,0.80227,0.017144,0.42941,1.0241,1.3319
0.85723,0.111,0.40029,0.20313,0.55518,0.5172,0.19855,0.39559,0.8217,0.80122
0.7458,1.2765,0.10318,0.45034,0.078319,0.4779,0.12322,0.14489,0.9893,0.44813
0.76959,0.25064,0.3815,0.52969,0.77248,0.98097,-0.20722,0.36806,1.1024,1.1734
0.67042,0.089943,0.25468,0.76065,1.159,0.30864,0.63435,-0.18576,0.55469,0.66588
0.36916,0.66967,0.040941,0.2293,0.57682,0.74419,0.84328,0.75999,0.73005,0.10909
0.51727,0.46138,0.83699,0.99088,0.45503,0.050915,0.42075,0.42087,0.51603,0.88315
0.84145,0.41797,0.16765,0.49346,0.3365,1.0478,1.1455,0.92757,0.52049,0.38259
0.23749,0.47561,1.0541,0.68162,0.033519,-0.34823,0.24183,0.2987,0.4045,0.60192
-0.0094045,0.16927,1.0346,0.75434,0.058153,0.10714,-0.21085,0.6388,0.086705,1.4022
0.95738,0.82653,0.9943,0.58661,0.45368,0.8719,0.44236,1.063,0.25751,0.060515
1.2503,0.50249,0.76214,-0.043922,0.47414,0.52743,0.86792,0.15397,0.53276,0.66106
0.28978,0.42805,0.23389,0.72837,1.05,0.082571,1.1658,0.32297,0.63902,0.63561
1.0875,0.36011,0.62981,0.68055,0.77627,0.61637,0.80322,0.15017,0.28255,0.26803
0.84781,0.22237,0.65797,0.22954,0.68948,-0.062883,0.83362,0.42695,0.79302,1.2098
0.80091,0.83579,0.4252,0.49918,0.19736,1.2538,-0.03199,0.34797,0.9969,0.62318
1.0868,0.34547,0.69025,0.20558,0.15047,0.7784,0.6253,0.030787,0.37918,0.3
0.66352,0.001152,0.28532,0.66447,0.0068182,0.38719,0.034959,0.15086,0.92722,0.73302
0.95795,0.43429,0.77495,0.56468,0.19705,0.40412,0.18594,0.042175,0.90911,-0.086244
0.12815,0.42294,0.45337,0.92546,0.90179,0.1122,0.60204,0.010528,0.60656,0.65403
0.51388,0.30646,0.55202,0.54347,0.80943,0.44341,0.80627,0.1518,0.52225,0.11834
0.75739,0.5691,0.32376,-0.0080083,0.58818,0.96054,0.31396,0.97461,0.38145,0.19934
0.80675,0.85565,-0.016539,0.058773,0.70799,0.86963,1.116,0.68491,0.67914,0.21255
0.64849,0.32087,0.42978,0.29714,0.70733,0.743,0.7057,0.73195,0.8135,0.31072
0.44059,1.0047,0.37592,-0.12902,0.66732,0.66035,0.62414,1.1736,0.51813,-0.21153
0.35937,0.90353,0.52453,0.10581,0.36599,1.2215,0.79188,0.6897,1.0421,-0.33276
1.129,0.065895,0.82639,0.15449,0.79994,0.44059,0.86367,0.1932,0.89615,0.23751
0.40655,-0.23962,0.68519,1.0085,0.63277,0.12198,-0.05934,0.36015,0.19698,0.99484
0.71336,0.1466,0.99093,0.86731,-0.016489,0.4274,-0.099422,0.64263,0.72808,0.41945
0.58504,0.70151,0.47872,0.57604,0.59994,0.54328,0.53689,0.50332,-0.22628,0.80012
0.54509,0.76618,0.2308,-0.018471,1.0877,0.46302,0.66496,0.92337,0.3307,0.17996
0.40253,0.27631,0.58361,1.0381,0.74842,0.015281,0.99706,0.15157,0.48976,0.3332
0.75637,0.1519,0.90463,0.49597,0.316,0.02822,0.73803,0.40454,0.83209,0.4294
0.65277,0.16986,0.3067,0.18814,0.52717,0.48373,0.73966,0.29736,0.70695,0.36378
0.3444,0.15516,0.9931,0.017646,0.48649,0.34909,0.66847,0.16886,0.40507,0.54196
0.99022,0.36606,0.41642,0.60823,0.14905,0.15798,0.011279,1.4343,0.41304,0.69539
0.69045,0.51379,0.68579,0.091338,0.60477,0.3667,0.8716,0.53968,0.8837,0.64616
0.27229,0.95687,0.37379,0.26094,0.83286,0.6563,0.72625,1.221,0.71143,0.45209
1.0352,0.86629,0.59509,-0.29794,0.44515,-0.11648,0.74945,0.2982,1.0665,1.1729
0.15632,0.80599,0.48015,0.30612,0.29211,0.21623,0.36793,-0.058309,1.1044,0.91463
1.0569,0.087193,0.68936,0.44692,0.5589,0.06741,0.83668,0.51604,0.48071,0.53043
0.67044,0.14488,0.67489,0.090868,0.32588,0.4534,0.51073,0.52719,0.36828,0.9395
-0.049956,0.54854,0.96907,0.77036,0.81788,0.49472,0.19829,0.10244,0.66413,0.51897
0.61706,1.3247,0.53346,0.17596,0.19704,0.53355,0.35489,0.28491,0.92978,0.76288
0.65085,0.56504,0.37488,0.85578,1.0293,0.72982,0.56983,0.17737,0.52622,0.24538
0.50289,-0.10574,0.16574,0.7505,0.42398,0.85928,0.49254,0.12319,0.75255,0.57866
0.69048,0.71119,0.81734,0.43652,0.56624,0.87508,0.40744,0.17091,1.1208,0.48229
0.77696,1.1377,0.66462,0.32734,0.38728,0.49272,0.28929,0.74736,0.47839,0.10369
1.0693,1.4271,0.043282,0.68947,0.32386,0.6989,0.19419,0.39229,1.0415,0.32743
0.43775,1.1047,0.47117,0.082481,0.048574,0.54077,-0.044307,0.13991,0.90292,-0.47401
0.26898,0.19915,0.38247,0.63711,0.72943,0.74678,0.076098,0.27708,1.3235,0.37887
0.52243,0.88303,0.63196,0.94037,0.94518,0.011447,1.1238,0.036691,0.20978,0.31638
0.46877,-0.25507,0.29582,0.66002,0.62838,0.67249,0.15301,0.54689,0.80519,0.60423
0.59638,0.12713,0.91811,0.89305,-0.018412,0.55729,0.14429,0.44914,0.41221,0.68512
1.0127,1.0048,0.81213,0.69348,0.53818,0.64583,0.20782,0.88959,0.11003,0.2527
0.28871,0.81721,0.60633,0.75404,0.20683,0.092195,0.027886,0.83076,0.33525,0.82667
-0.34575,0.31099,1.0405,0.90509,-0.089199,0.40235,0.40166,0.54175,0.10986,0.80346
0.25366,0.39511,0.92888,0.74866,0.42154,0.35672,0.32923,0.22193,0.25784,0.7018
0.59123,0.68029,0.8036,0.54269,0.62049,0.75338,-0.20519,0.67944,0.31623,0.78392
0.33235,0.39342,0.77816,1.2956,0.56404,1.3025,0.33477,0.95166,0.25196,0.29632
0.51443,0.72351,0.35514,0.87282,0.4524,0.78946,0.74402,0.65604,0.55656,0.56843
0.28771,0.25276,0.39756,1.1023,0.95637,-0.34219,1.1377,-0.12141,0.43711,0.48305
0.91962,0.69892,0.60265,0.31768,0.0063246,1.2194,-0.27415,1.0541,0.41653,0.097318
1.0379,0.84538,0.63838,0.16647,0.51009,0.86518,0.50227,0.43621,0.70774,0.34103
0.94343,0.84919,0.52202,-0.20877,0.37034,1.646,0.68349,0.86883,0.10892,0.30518
0.42699,1.2038,0.28982,-0.017479,0.20884,0.52815,0.29114,0.070517,0.69461,0.86553
0.3823,0.86564,-0.10876,0.50115,0.35372,0.62185,0.70995,1.2083,0.28442,0.13043
0.74364,0.62316,0.22783,0.26883,0.043748,0.559,0.61263,1.1074,0.60013,0.14871
0.98799,1.0388,0.15555,-0.1012,0.080233,0.7809,0.37646,0.34839,1.202,0.59205
0.28422,0.83303,0.49879,0.91255,0.29886,1.0271,0.41494,1.0375,0.10571,0.42787
0.6204,0.27311,0.26945,0.14194,0.24371,0.90048,0.68143,-0.30323,0.76834,0.28663
0.57321,0.4443,0.55468,0.41515,0.93605,0.93213,0.37348,0.58785,0.42214,0.072244
0.73416,0.60141,0.14285,0.57448,0.35733,0.86808,0.61114,-0.1643,0.41307,0.53155
0.47417,1.0276,-0.2517,-0.071727,0.42164,0.72596,0.62676,1.3826,0.51392,0.39974
0.69434,0.53902,0.46064,0.32301,0.91494,0.76375,0.89172,1.099,0.203,-0.030528
0.68232,0.072643,0.97365,0.72534,0.54791,0.11831,0.010672,0.16934,0.40165,0.80636
0.35014,0.33289,-0.044506,0.34815,0.4036,0.73146,0.30339,0.37059,0.76251,0.54937
0.24771,0.20371,0.49226,0.99202,0.27847,-0.37917,0.064263,0.4337,-0.14964,0.48942
0.77016,1.0769,0.49408,0.35162,0.3596,0.66242,0.34543,0.41156,1.1848,0.15087
0.98059,0.81422,0.39075,1.1085,0.65075,0.82369,0.45918,0.82944,0.7269,0.19926
0.47421,0.75273,-0.022306,0.81884,1.2519,0.53436,0.62448,0.14088,0.30149,0.42615
0.27361,0.43845,0.88826,0.28554,0.45418,0.26682,0.31375,0.58022,-0.18596,1.3095
0.23194,0.54098,1.2006,0.48393,0.66111,1.025,0.36289,0.45973,0.29734,0.75354
0.74175,0.66448,0.15764,0.46343,0.453,0.8891,0.26012,0.039752,1.1434,0.17178
0.095531,0.39709,0.96975,0.48642,0.11954,0.85462,-0.19548,0.20416,0.052519,0.47044
0.56526,0.068232,0.6474,0.88766,0.25646,0.82554,0.37954,0.79766,0.45037,0.21009
0.59913,0.042043,0.82194,1.1829,0.78449,-0.17556,0.011881,0.49937,0.075263,0.38874
-0.049327,0.17307,0.80295,0.87024,0.45008,0.31282,0.25864,0.27274,0.2592,1.1033
1.0933,0.059107,1.07,0.12422,0.72321,0.047193,1.097,0.3093,0.76842,0.61837
0.020435,0.55463,0.73028,0.66748,0.61699,0.3444,0.086908,0.59572,0.30324,1.1984
0.66781,-0.26293,0.64165,-0.027557,0.51234,0.074306,0.46184,0.46931,0.42383,0.68573
0.82299,0.75877,0.59698,0.39114,-0.0071261,0.40095,0.15838,0.96881,0.15628,0.63459
0.94307,-0.29419,0.49696,0.12964,0.34616,0.04004,0.87931,0.6967,0.53632,0.51364
0.9818,0.23632,0.55929,0.19387,0.82201,0.080731,0.42114,0.25125,0.43708,0.47115
0.31972,0.52706,1.0126,1.1546,-0.0010342,0.36993,0.083776,0.32149,0.49741,0.6446
1.0082,0.53284,0.50671,0.58695,1.0227,0.021197,0.60483,0.41299,0.42504,0.8213
0.90628,0.14644,1.0018,0.3097,0.26995,0.08584,0.86297,0.11104,0.97156,0.6337
0.37916,0.39458,0.10861,0.25088,0.76882,0.20439,1.4224,-0.29085,0.44744,0.58005
0.39917,0.42801,1.1551,1.2536,0.39919,0.26646,0.18239,0.45024,0.58235,0.97722
0.97991,0.044944,0.48531,0.66397,0.44851,0.98056,0.12582,0.20281,0.69254,0.55775
0.66717,0.99223,0.95847,0.40436,0.0091619,0.77938,0.66332,0.56179,0.19026,0.33003
0.35446,0.59671,0.36742,0.19342,1.1117,1.3943,0.91718,0.487,0.57965,-0.050613
1.1451,1.2138,0.85527,0.10246,0.091796,0.7784,0.5339,0.084061,1.0515,-0.0058625
1.0051,0.15217,0.4416,0.11627,0.76014,-0.028991,0.78647,0.060117,0.56833,0.69169
0.6765,-0.14229,0.9928,-0.12642,0.1782,-0.068909,0.7449,0.99845,0.32459,0.6649
0.3938,1.0481,0.56999,0.96552,0.18925,0.82686,0.58155,0.5635,0.537,0.74559
0.88499,0.36209,0.20051,0.47057,0.19519,0.17994,1.055,0.20806,0.43481,0.33116
-0.1288,0.12414,0.77032,0.69464,0.13845,0.44478,0.097418,0.50768,0.64678,1.162
0.5732,0.63053,0.12369,0.035009,0.65853,0.61788,0.71648,0.65864,0.36979,-0.11596
0.59872,1.0064,0.056221,0.14143,0.18136,0.8337,1.0068,1.1643,0.63632,-0.023651
1.0729,0.25757,0.98648,0.86079,0.90381,0.56383,0.2309,0.77245,0.24682,0.63996
0.60061,0.62288,0.53349,0.205,0.058219,0.60397,-0.24908,0.0070029,1.2698,0.66136
0.039299,0.19375,0.48907,0.52625,0.26104,0.22195,0.010515,0.55002,-0.015325,0.89437
0.1864,1.0116,0.44111,-0.28663,0.027481,0.96484,0.24259,0.28566,0.97578,0.44214
0.78047,0.89224,0.48064,0.40966,0.021176,0.57562,0.097951,0.26775,0.74352,0.49799
0.69102,0.85543,0.38086,-0.12686,0.70263,0.92943,0.7109,0.18934,0.2221,0.074341
0.65246,0.98837,1.0726,0.66806,0.50742,0.42347,-0.0079311,0.97632,0.36599,-0.14064
0.48894,0.3945,0.27052,0.42746,0.54318,1.0421,0.83992,0.90432,0.42449,0.48821
0.60697,0.79728,0.58661,1.0119,0.4072,0.57979,0.36113,0.65744,0.69121,0.26286
0.42805,0.69498,0.58361,0.43001,0.46674,0.5284,0.22435,0.93488,-0.56848,0.44639
0.95459,0.18227,1.1284,1.0041,0.40128,0.77075,0.21256,0.99801,0.13938,-0.085533
0.4414,0.49281,0.0576,0.86009,1.1469,0.51874,0.7489,0.079954,0.49094,0.27337
0.48986,0.18887,0.63951,1.1001,0.96062,0.5785,0.70601,-0.084041,0.78846,0.13061
0.36154,0.37994,0.93442,0.80099,0.60224,0.80451,0.53558,0.49468,0.44721,0.59543
0.4411,0.9887,0.63334,0.951,0.42836,1.0873,0.92502,1.0633,-0.034984,0.57541
0.84182,0.86144,0.33612,0.32739,0.4342,1.4216,0.89488,0.97942,0.56581,0.52969
0.58449,0.73314,0.28296,0.19341,0.42833,0.58126,0.64183,0.79254,0.29934,0.061293
0.26161,0.85221,0.20975,0.051371,0.56836,0.87652,0.65456,0.84568,0.2572,-0.31568
0.84093,-0.24477,0.47872,0.25575,0.71202,0.87875,0.28995,0.18339,0.73751,1.1556
1.1567,-0.29899,0.37044,0.39703,0.28778,0.37718,0.56581,0.42373,1.0698,0.50252
0.74846,0.15931,0.55901,0.47331,0.35268,0.99487,0.090858,-0.036337,0.7722,0.57701
0.37899,0.53461,0.080223,0.45935,0.90495,0.69395,0.70814,0.78878,0.20941,0.2915
0.96043,0.90618,0.55874,0.1257,0.35257,0.64141,0.32126,0.071194,0.79501,0.22211
0.55839,0.56785,0.61564,0.26938,0.34788,0.418,0.25749,0.56728,0.60746,0.69891
-0.28739,0.70137,0.91432,0.94364,0.39067,0.19066,0.40382,0.85859,0.40201,1.205
0.0089786,0.49037,0.43665,1.1403,0.91051,0.26423,1.112,0.23739,0.71563,0.6652
0.27473,0.31291,0.32888,0.36358,0.97927,0.57115,0.96938,0.4982,0.70836,0.34801
0.79866,0.75729,0.54613,0.035396,0.55055,0.13017,0.97719,-0.074839,0.93207,0.57687
0.36399,0.70467,0.1824,0.57515,0.47354,1.0889,1.015,1.4318,0.51587,0.093519
0.7597,0.59778,0.59631,0.22326,0.31276,0.54859,0.22855,0.61048,0.56291,0.024332
0.68718,1.0076,0.29312,0.33494,0.75409,0.042629,0.098711,1.0118,0.10581,0.12614
0.11936,0.65501,0.043091,0.33715,0.75469,0.66066,0.97213,0.68222,0.4053,0.43674
0.91928,1.2339,0.37083,0.50335,0.28018,1.278,0.0052886,0.16156,0.56123,0.013815
0.62498,0.98571,1.1249,1.3148,0.5817,0.87962,0.15455,0.69133,0.28556,0.23906
0.81244,0.92317,0.61851,0.39013,0.11214,0.96435,0.23252,-0.01909,0.6396,0.52618
0.80276,0.020012,0.37428,0.49823,0.2101,1.2218,0.14445,0.58309,0.91104,1.1172
1.2448,0.72407,0.52838,0.41391,0.35233,0.50994,-0.1408,0.62077,0.14366,0.89714
0.4246,0.79164,0.03177,0.26306,0.59051,0.50735,0.66647,0.99752,0.18575,-0.2511
0.67656,-0.15181,0.37142,0.31168,0.50679,0.91233,-0.1777,0.48986,1.5275,0.61032
0.65095,0.46684,0.34032,0.91591,0.81726,0.33988,1.1286,-0.37329,0.54629,0.2266
0.53381,0.90464,0.29498,0.46886,-0.013303,0.72592,0.60532,0.67139,-0.12319,0.36624
0.2779,0.86902,0.92715,1.1278,0.9408,0.78368,0.52936,0.85477,0.4307,0.007909
0.63978,0.10268,0.47489,0.145,0.30805,0.69121,0.21935,0.68908,0.98468,0.47574
0.16315,1.2285,-0.27105,0.40869,0.77623,0.7224,1.1548,0.81223,0.49329,0.31894
0.69035,0.98462,0.60612,-0.058524,-0.032575,0.75311,0.27839,0.48524,0.71631,1.0944
0.86314,0.49421,0.6766,-0.093227,0.41265,0.34321,0.63281,-0.035641,1.0562,0.653
0.18432,0.46384,0.50708,0.78888,0.84044,0.31386,1.0505,0.24322,1.0262,0.58029
0.46103,0.14706,0.81729,0.78311,0.081498,0.14854,-0.19817,0.62205,0.15062,1.2136
1.217,0.38316,0.67875,-0.25304,0.6041,0.33253,0.55448,0.13352,0.66242,0.21401
1.2394,0.71259,0.94557,-0.06489,0.76024,0.073659,0.47242,0.72301,0.66744,0.70434
0.70295,-0.082502,0.77332,0.88655,0.53003,0.50798,0.5209,0.14392,0.79714,0.66719
0.53859,0.56876,0.62887,-0.173,0.26716,0.91769,0.17579,0.011293,1.226,0.32272
0.6923,0.392,0.81481,0.15964,0.95212,0.31531,0.74323,0.18206,0.10686,-0.002947
-0.0057832,0.94786,0.59511,0.63579,0.8952,0.5769,1.1949,0.70549,0.91214,-0.19438
0.51418,0.61043,0.59131,0.36729,0.7951,0.8307,0.28693,0.62129,-0.10079,0.14141
0.33339,0.10125,0.63951,0.61453,0.47832,1.0462,0.033814,0.29903,0.66917,0.34926
0.56109,0.085125,0.4494,-0.078555,1.04,1.3012,-0.44152,0.59603,0.65509,0.79504
0.81491,0.44102,0.62977,-0.11534,0.12628,-0.13001,0.74586,0.28468,0.08276,1.0315
1.0632,0.69796,0.96339,-0.15387,0.26195,0.38119,0.88885,-0.017949,0.54857,0.60279
0.53687,0.60196,0.91294,0.78457,0.49271,0.8127,-0.27374,-0.04859,1.0002,0.22864
0.61474,-0.20479,0.78948,0.70089,0.38923,0.88012,0.051925,0.2211,1.0928,0.83833
0.29962,0.40359,0.32066,0.046906,0.51363,0.78329,0.67027,0.87589,1.0355,0.31892
0.55986,1.1339,0.50136,0.15738,0.11272,0.80796,0.15028,-0.18425,0.6671,0.25521
0.33358,0.87079,0.24204,0.36374,0.47805,0.8165,0.31225,0.26586,0.84513,0.5108
-0.31551,0.37014,0.50251,0.54856,0.66723,-0.10669,-0.042164,0.27141,0.35394,0.45573
0.91624,-0.013741,0.81061,0.0026363,0.35314,0.90298,-0.12048,0.54613,0.48173,0.34497
1.2066,0.20236,0.66441,0.31477,0.38825,0.56163,0.0094089,-0.10348,0.28657,0.39358
0.5136,0.21613,1.1278,1.3017,0.55054,0.22307,0.2227,-0.078576,0.13913,0.65548
1.17,0.58774,0.31103,0.65499,0.5814,-0.045901,0.59149,0.63434,1.2028,0.39188
0.66813,0.13651,0.84652,0.42252,0.46312,1.1426,0.11054,0.70679,0.67153,0.69251
1.0091,0.68809,0.51471,-0.10113,1.2518,0.90247,0.77746,0.90519,0.16957,0.028766
0.45821,0.61334,0.36472,0.83858,1.0552,0.4209,1.0995,-0.18573,0.80366,0.4983
1.2724,0.66566,0.1476,-0.034825,0.21997,0.22231,0.27299,0.19768,1.0819,0.36057
0.67866,0.70305,0.43245,0.84536,0.94241,0.36673,0.77704,-0.075168,0.2356,0.54673
-0.18184,0.28684,0.1747,0.97819,0.78688,-0.02706,0.71384,0.27747,0.45374,0.40121
0.75853,0.31545,0.47101,0.90936,0.45011,-0.28019,-0.14675,0.47461,-0.10418,0.76645
0.15142,0.3477,0.23143,0.83059,0.35827,-0.13837,0.21338,0.75032,-0.32112,0.75721
0.66508,0.1145,0.90796,-0.013606,-0.12629,1.1979,-0.31996,0.5576,0.97281,0.32547
0.66447,0.86322,0.433,0.61592,0.85169,0.077176,1.0752,-0.13482,0.43903,0.59355
0.77083,0.55562,1.0731,0.62526,0.33275,0.71103,0.2656,0.79742,0.55271,0.35265
1.0183,0.72021,0.85136,0.57268,0.37122,0.57345,-0.042037,0.83708,0.39341,0.65642
0.3415,0.10282,0.64951,0.42187,0.30873,0.43412,0.32445,0.54438,0.33512,1.0829
1.1414,-0.13552,0.64254,0.46705,0.61214,-0.051713,1.5534,0.34286,0.73552,0.80193
0.51109,0.069663,0.63389,0.35945,0.17225,1.208,0.12799,0.48222,0.75664,0.40488
0.92737,0.44904,0.10879,0.40501,0.59117,0.026082,1.0208,0.45957,0.72126,0.65087
0.7307,0.77392,0.045857,0.16976,0.54023,0.073495,0.71774,0.08207,0.47187,0.66477
0.81068,0.91158,0.97783,1.0315,0.70859,0.96216,0.30883,0.71286,-0.6546,0.1955
0.53037,0.38123,0.070096,-0.015621,0.30698,0.60096,0.30252,1.0935,0.60783,-0.16237
0.087142,0.055805,0.96426,0.60858,1.0854,0.33275,0.29701,0.59658,0.46456,0.55442
0.60966,-0.22213,1.3748,0.71382,0.054961,-0.011373,-0.097524,0.29475,-0.15744,1.0011
0.87068,-0.08502,0.10453,0.27387,0.4143,0.27413,0.33096,0.33141,0.76933,0.96505
0.83126,0.73626,0.3439,0.82834,0.67007,0.1483,1.0579,0.32829,0.48744,0.32473
0.19397,0.55244,1.1799,1.1053,0.32402,-0.19503,-0.12297,0.68859,0.45648,0.69241
0.82317,0.62478,1.2646,0.97217,0.83555,0.34946,0.76187,0.095049,0.4616,-0.065318
0.84341,0.6876,0.44172,0.67378,0.85134,0.22642,0.65192,0.0078878,0.31285,0.27424
0.79704,0.94851,0.32619,0.32257,1.0494,0.97154,0.87402,1.1284,0.74377,0.046496
-0.47984,0.45468,0.69117,0.58975,0.33023,0.74,0.17568,0.88432,0.12803,1.0048
0.37154,0.79912,0.42265,0.33836,0.99466,0.62217,1.0875,-0.010545,0.52361,0.39639
0.53432,0.90766,0.47851,0.19085,-0.13831,0.94547,0.32762,0.11925,1.177,-0.32551
0.47748,0.12728,0.066653,0.82145,0.44394,0.72017,-0.20537,1.0593,0.72549,0.78925
0.61237,1.0878,0.52496,0.26468,0.078015,0.85137,0.55746,0.256,0.87966,0.090158
1.2934,0.0065931,0.5883,0.3839,0.46975,0.70983,0.081137,0.50303,0.52879,0.6158
0.47239,0.51318,0.15349,0.52241,1.2068,0.31417,0.66884,0.27393,0.46416,0.38902
-0.14159,0.37596,0.56051,1.1185,0.22257,-0.019213,-0.048241,0.80321,-0.0060905,1.0269
0.0722,0.74126,0.75984,0.85848,0.38901,0.26945,-0.11739,0.50626,0.15058,0.96326
0.94283,0.61353,0.36241,0.8056,0.71606,0.50534,0.91158,-0.052333,0.36595,0.51456
1.1469,0.56789,0.39718,0.36086,0.62198,0.88957,0.28663,0.85172,0.30824,1.0192
1.4017,1.55,1.0257,0.72543,0.067359,0.13698,0.65785,0.10393,0.98154,0.50723
0.53279,0.91482,-0.019714,0.97605,0.96037,0.18672,0.75512,-0.19619,0.58124,0.88818
0.75087,1.0501,0.21826,0.14692,-0.21473,0.87673,0.46733,0.3573,1.6675,0.67732
0.49491,0.92996,0.81256,-0.17092,0.14703,0.62578,0.50146,0.6782,1.0251,0.2498
1.1062,-0.035575,0.43983,-0.32489,0.81015,0.27426,0.39403,0.20852,0.53563,0.70292
-0.1184,0.52875,0.65066,0.76611,0.49776,0.048881,0.0031132,0.21584,-0.15907,0.87729
0.80204,1.0668,0.31617,0.41636,0.93939,1.1755,0.52671,0.89246,0.74146,0.11663
0.9947,-0.43228,0.69151,0.0061184,0.27659,0.10111,0.69528,0.2453,0.82535,0.44903
0.67418,0.93486,0.43528,0.44093,0.61189,0.93847,1.0633,0.8556,0.58611,-0.18253
0.74575,0.58431,0.51917,0.28922,0.59431,0.12786,0.3126,0.41516,0.71494,-0.34482
0.29397,0.9983,0.39094,0.18892,0.50474,0.91752,0.90455,1.1117,0.36385,0.25596
0.72085,0.85999,0.67095,0.7452,-0.074165,1.0955,0.31853,0.75555,0.29859,0.65538
0.62439,0.38889,0.75264,0.29348,0.46915,0.6415,0.4839,0.55754,0.093921,0.70909
0.28915,0.87335,0.8601,-0.0062024,0.23489,1.1086,0.60382,0.6868,0.98336,0.0027483
0.52439,1.2118,0.97329,0.41179,0.34055,0.56225,0.14974,0.40933,1.1458,0.077801
0.88072,0.18559,0.32649,0.17498,0.51109,-0.11457,0.96867,0.20181,0.62266,0.54651
0.77212,0.03621,0.8041,0.30881,0.034866,0.13556,0.72274,0.0026022,1.1021,0.45931
0.26153,0.35643,0.59169,0.38295,1.1642,1.1356,0.040562,0.79582,1.2571,0.41248
0.66144,0.71985,0.72736,0.40504,-0.034108,0.52272,-0.19279,0.38092,1.0811,0.40528
0.57481,0.62182,0.48748,0.35241,0.51454,0.78969,0.50191,-0.098765,0.89916,0.34358
0.45182,0.44727,0.16265,0.62742,0.66175,0.53958,0.59282,0.14303,0.6607,0.5383
0.55728,0.7016,0.34641,0.58593,0.89624,0.19062,0.20313,-0.20601,0.20625,0.094549
0.68833,0.51002,0.74165,-0.074221,0.65895,-0.15555,1.1201,1.1461,0.4427,0.6892
0.24919,1.1647,0.22679,0.38899,0.26151,0.98942,0.82365,0.76886,0.070187,-0.19611
0.60079,0.86391,-0.02066,0.26584,0.60723,1.4659,0.70781,0.85476,0.78864,0.042103
0.53726,0.52534,0.9348,0.97434,0.63186,0.19202,0.95692,0.016052,0.53689,0.28312
-0.15726,0.4438,0.95074,1.05,0.18164,0.61184,0.20824,0.42174,0.05445,1.4776
0.62794,0.99911,0.13633,0.96154,0.58829,0.19343,0.72403,0.37437,0.46597,0.66172
0.43188,1.0285,0.43206,0.75944,0.4657,0.74872,0.60028,-0.1636,0.6279,0.76001
0.73767,0.60186,0.69541,1.067,0.37837,0.20698,0.79598,0.086549,0.43746,0.38939
0.97048,0.65649,0.30251,0.35859,0.42982,0.55333,0.35866,-0.13099,0.68148,0.28979
0.78977,0.48209,0.67767,-0.24691,0.56634,0.12728,0.84523,0.21457,0.99659,0.301
0.73315,0.14242,0.42023,0.12546,0.29433,1.1425,0.071797,0.31937,0.92688,0.60598
1.1717,-0.11149,0.67111,-0.057533,0.46279,0.13367,0.74401,0.1099,0.93109,0.43678
0.83834,0.06204,0.49553,0.70054,0.67217,0.90322,0.19573,0.22938,1.3651,0.74683
0.87067,0.44724,0.67787,0.19909,0.46393,0.47547,0.20906,0.17075,0.9758,0.69401
0.057969,0.56422,0.21079,0.63552,0.88293,0.75443,0.87335,0.10528,0.024464,0.66632
0.91255,0.63649,0.59121,0.36094,-0.15577,0.72273,0.37324,-0.2091,1.2767,0.071855
0.35118,0.10136,1.1457,0.99958,0.35538,0.77591,0.13323,0.46309,0.1739,1.2413
0.77663,0.17192,0.41394,0.88581,0.87041,0.33463,0.80043,0.49447,0.81703,0.66534
0.44168,0.63936,0.49703,0.19391,1.133,-0.18995,1.1031,0.1199,0.56087,0.20456
0.84436,0.57505,-0.42414,1.2646,1.1122,0.33651,0.75919,0.24656,0.80434,0.83555
-0.077245,0.28832,0.52545,0.28388,0.18899,0.26878,0.5162,0.38295,0.38557,0.98343
0.23061,0.48701,0.2277,0.28474,0.96984,0.9932,0.66199,0.68666,0.84012,0.49424
0.80965,0.23885,0.5777,0.046346,0.78401,0.39333,1.3513,0.59204,0.48546,0.68885
0.73706,-0.094279,0.24831,0.41971,0.73821,0.92139,0.03273,0.68695,0.85521,1.0136
1.7373,-0.29371,0.22436,0.15118,0.60238,0.88025,0.8435,0.054322,0.81373,0.43469
0.92747,0.27291,0.61814,0.57997,0.60911,1.1055,0.18158,0.58822,0.65738,0.90469
0.74878,0.053971,0.64836,0.64788,0.46694,1.3767,0.20696,0.86375,1.1424,0.51326
0.53894,0.79115,0.63463,0.29192,0.4367,0.19955,0.74726,0.94159,0.91395,-0.21825
0.76269,0.73997,0.5273,0.81922,0.65954,0.46142,0.63448,1.3073,0.19293,0.31283
0.41614,0.26973,0.43156,1.0511,1.1145,0.36505,0.9492,-0.091102,0.56757,0.61157
0.92815,0.59302,0.53146,0.39198,0.63836,0.94752,0.88744,1.0361,0.74679,-0.23538
0.55233,-0.025212,0.089795,0.23021,0.6812,0.50979,0.076327,0.4027,0.52208,0.40118
0.66324,0.74868,0.55243,0.54181,0.73755,0.33309,0.61495,0.51667,0.47349,0.85646
1.1765,0.4395,0.30002,0.60586,0.44336,0.80829,0.11791,1.2014,0.67119,0.57779
0.64011,0.37737,0.756,0.64688,0.70281,0.27594,0.42804,0.74838,0.20711,0.61653
0.19859,0.38505,0.75593,0.95656,0.33774,-0.39186,0.55427,0.32725,0.58476,1.3418
0.60881,0.50904,0.9993,0.71436,0.51028,0.49641,0.065025,1.0646,0.55341,0.87748
0.40715,0.72042,0.70028,0.67654,0.3832,1.1267,0.39693,1.104,0.36959,0.30521
0.23329,0.698,0.57261,0.5053,0.7589,-0.072536,0.30146,0.7486,0.47932,0.584
0.52698,0.46573,1.1952,0.022243,0.239,0.93019,0.69872,0.46894,0.93534,0.1958
0.75114,0.72266,-0.040468,-0.62808,0.52021,0.82547,0.69347,0.86124,0.62262,0.12698
0.61638,0.58345,0.41382,0.38853,1.3783,-0.13887,0.94226,0.11986,0.27937,0.8995
0.76538,0.034175,0.59258,0.21085,0.77752,1.0302,0.20241,0.52322,0.92483,0.79081
1.229,0.91374,0.2039,-0.0082912,0.7042,0.97658,0.36124,0.76716,0.88431,-0.10552
0.85898,0.30982,0.38219,0.2226,0.4273,0.16627,1.285,0.48581,0.48092,0.23539
0.79503,0.46829,-0.048593,0.32875,0.30974,0.76771,0.61018,1.094,0.62936,-0.11246
0.11437,0.64851,0.59138,0.95467,0.73917,0.40238,1.1851,0.32991,0.70601,0.61565
1.3312,1.1528,0.26185,0.35901,0.54486,0.65789,0.81969,0.92351,0.74968,0.46755
0.57358,0.45703,0.61323,0.78756,0.23744,0.75529,0.34191,0.38499,0.29344,0.61495
0.32876,0.80998,0.8,0.099329,0.57127,0.5145,0.90462,1.0089,0.4218,0.37684
0.6222,0.96049,0.32439,-0.025912,0.40894,0.689,0.68635,0.79041,0.30523,-0.03851
0.33078,0.2934,0.93082,0.56396,0.25077,0.11134,-0.27016,0.64152,0.10496,0.69598
0.5606,0.93375,0.06653,0.33233,0.20065,0.6521,0.55123,-0.014619,1.0404,0.47842
-0.4501,0.68531,1.3031,1.2577,0.4722,0.45357,-0.34821,0.45373,0.90352,0.56066
0.94252,0.040987,0.23686,0.027143,0.5891,0.44728,0.98035,0.28532,0.27497,0.91045
-0.18907,0.53161,1.1684,0.57122,0.5171,0.36459,-0.078721,0.36106,0.31209,1.354
0.28566,0.77667,0.68529,1.2069,0.44762,0.35696,0.066683,0.39923,0.20907,0.95775
1.062,0.82939,0.51797,0.026375,0.060499,0.67819,-0.040173,0.16198,0.62191,0.68046
0.85766,0.16689,0.26877,0.55509,0.25743,0.87509,-0.074771,0.71775,1.2239,0.40723
0.92603,0.55211,0.55623,0.3043,0.54956,0.91019,0.44567,0.39903,0.81299,0.59517
0.58134,1.2142,0.78977,0.17684,0.21275,0.85884,0.56501,0.018807,0.58632,0.35904
0.71911,1.1806,0.64641,0.27551,0.10036,0.71078,0.092211,0.59756,1.0797,0.47622
0.54683,0.74283,1.0468,0.33951,0.50981,0.22991,0.12251,0.74518,0.21022,-0.12612
0.26465,0.72116,1.1172,0.71912,0.47225,0.31439,0.52432,0.40272,0.3471,0.85248
0.62898,0.29088,0.25562,-0.070827,0.63902,1.1181,0.98021,0.64547,0.75089,0.13848
0.86124,0.43127,0.48029,0.71347,1.2444,0.023253,0.96947,-0.21883,0.61442,0.70073
0.78037,0.70655,0.43346,0.65938,0.73904,0.6187,0.4588,0.45908,0.20526,0.051701
0.086638,0.56123,0.94036,1.0505,0.53062,0.0069501,0.18325,0.42899,0.2139,0.79933
0.085798,0.10026,0.53487,1.0259,0.2548,0.4207,0.42577,0.33866,0.27987,0.80152
0.31807,0.4362,0.568,0.62254,1.1564,0.53881,0.85746,0.42877,0.23514,0.51704
0.81494,0.034132,0.71441,-0.55803,0.058354,0.21606,0.81055,0.46646,0.72871,1.0714
0.75324,-0.077007,0.39072,0.055631,1.0667,-0.34501,1.0037,0.30312,0.085591,0.33754
0.60365,0.27708,0.096422,0.54781,0.73707,0.2653,0.61983,0.032003,0.34853,0.47514
0.59488,0.39555,0.54682,0.32073,0.23416,0.64157,0.23307,0.24305,0.97414,0.51101
0.55018,0.53476,-0.042449,0.043239,0.62394,0.50017,1.3968,0.54125,0.15664,0.21584
0.2418,0.89996,0.47682,-0.089254,0.64594,0.79735,0.88409,0.67196,0.68467,-0.053144
0.79816,0.89456,0.57408,0.93312,0.26332,0.71718,0.23648,0.95312,0.38962,0.54245
0.80795,0.3015,0.56556,0.14127,0.43214,0.66134,1.0666,0.63928,0.93688,0.50143
0.31039,0.49473,0.39146,0.71669,0.63472,0.52911,0.92889,-0.01256,0.76263,0.87273
0.43364,0.61322,0.74072,0.54665,0.018996,0.55157,0.81094,1.2042,-0.13871,-0.068438
1.0854,-0.37159,0.41672,0.31303,0.72289,1.342,-0.21803,0.75819,0.8142,0.54811
0.36035,0.85506,0.34679,0.38464,0.71555,1.214,1.2368,1.0762,0.59787,0.27058
0.69488,0.52886,0.69702,0.82356,1.0053,0.65904,0.93749,0.31606,0.20541,0.35211
0.69764,0.26443,0.28328,0.54136,0.37914,0.72204,1.2297,0.99839,0.049584,0.20666
0.95969,0.45513,0.33156,0.24901,0.46005,1.0286,0.12093,0.08744,0.77786,0.46399
0.45236,-0.41576,0.91431,0.20286,0.3709,0.29644,0.51979,0.53687,0.64461,0.68644
0.66389,0.61917,0.43547,0.39993,0.57902,0.77726,0.71768,0.22044,1.0189,0.49533
0.29485,0.33377,0.79508,0.80887,0.32584,0.703,0.68341,1.205,0.43738,0.38642
0.57408,0.24281,0.70377,0.017532,0.37276,-0.22539,0.36729,0.95569,0.59609,0.89261
0.39547,-0.055624,0.30477,-0.07383,0.78366,0.55259,0.8959,1.0781,0.60182,-0.34243
0.88144,0.0023432,0.48737,0.29336,0.1716,1.0819,0.11929,0.14562,0.28105,0.86265
0.62115,1.1724,0.91462,0.4816,0.40721,-0.36893,-0.013832,1.0073,0.3902,1.2622
0.56988,1.043,0.6105,0.12566,-0.10262,0.79795,0.33106,0.22928,0.82484,0.22565
0.6981,0.64295,0.28128,0.84515,0.87826,0.49841,0.3934,0.88498,0.042002,0.33319
0.49955,0.60881,0.54307,0.96731,0.95556,0.42211,0.35557,0.18761,0.6167,0.15867
0.20358,0.92031,0.6953,0.76766,0.48611,0.081724,0.13406,0.69738,0.47453,0.64991
0.44527,0.57296,1.2294,1.2577,-0.017465,0.48171,0.19995,0.85885,0.20106,0.55789
0.077154,0.23186,0.77674,-0.45088,0.29016,0.11373,0.80241,0.1553,1.0381,0.94037
0.71661,1.1939,0.36856,0.3968,0.60089,0.94919,0.80199,0.92988,0.60445,0.078388
0.2175,0.28943,0.97147,0.91613,-0.11476,0.1768,0.28214,0.57718,-0.147,1.1804
0.46469,0.49623,0.14017,0.09849,0.20744,1.0471,0.26837,-0.1116,0.95078,0.26925
0.76619,0.46902,0.46733,-0.023912,0.74577,0.26527,0.29827,0.34902,0.53789,-0.048443
0.53754,-0.12561,1.1414,0.98782,0.44693,0.38684,0.28974,0.70496,0.036216,-0.13526
0.82293,0.52092,0.3267,0.73393,0.71622,-0.020691,1.0805,-0.086988,0.39545,1.207
0.33781,1.1709,0.53274,-0.037109,0.35981,0.59569,1.0757,1.1379,0.95878,0.027975
0.61675,0.81077,0.50072,0.17401,0.24584,0.70625,-0.17515,0.11362,0.7414,0.77281
0.58498,0.5988,0.54932,-0.066733,0.52437,0.55572,1.1819,0.64797,0.78407,0.70466
0.57054,0.91631,0.25158,-0.25546,0.58455,1.0482,0.9063,0.79056,0.71961,0.42676
0.42488,0.97394,0.43537,-0.41032,0.47322,0.21355,0.77494,0.44937,0.40289,0.42877
0.98907,0.42356,0.48795,0.9328,0.63919,0.1402,0.80389,0.0073377,0.36852,0.5579
0.41537,0.30618,0.82553,0.49039,0.59686,0.52526,-0.081302,1.3021,0.71178,0.59147
0.91091,0.12884,0.76185,0.19307,0.28344,0.77034,0.0084105,0.3988,1.3247,0.77899
0.29135,0.58386,0.64859,0.048218,0.043745,0.6839,0.19976,-0.17456,0.88442,0.16542
0.84276,0.095796,0.64815,0.45743,0.88098,1.0742,0.70644,0.413,1.1394,0.7901
0.58939,1.4814,0.37392,0.17234,0.38376,0.81723,0.24336,0.06418,1.3292,0.28363
0.60099,1.0806,0.34526,0.094951,0.26789,0.40368,0.4843,0.067101,1.263,0.28735
0.45413,0.84522,0.033515,0.21696,0.92008,0.39082,0.97815,0.45287,1.1243,0.16619
0.56963,0.44259,0.89977,0.92092,0.8131,0.98007,0.74205,0.93858,0.40389,0.50519
0.079164,0.96064,0.1891,-0.0070121,0.50662,0.7993,0.79139,0.54882,0.41041,1.0302
0.86206,0.5522,1.0575,0.78519,0.42619,0.90455,0.33483,0.68746,0.3572,-0.014328
0.4845,0.13427,1.0518,0.95461,0.2575,0.084835,0.44802,0.12053,0.077574,0.53405
0.72361,-0.12993,0.74666,0.17084,0.41367,0.69563,-0.060772,0.36697,0.70758,0.64037
0.58834,0.41845,0.32934,0.61893,0.18375,-0.3382,0.13789,0.10128,0.59744,0.55635
0.87429,0.31873,0.38508,0.64013,0.489,1.2317,0.3723,0.11765,0.53738,1.037
-0.41249,0.32517,0.78854,1.2577,0.29682,0.26403,0.67152,0.70275,0.097872,1.2199
0.080084,0.29719,1.2751,0.40837,0.36453,0.12354,0.10893,0.55934,0.41862,0.57956
0.78456,0.6701,0.64844,0.048408,-0.043782,0.74029,0.506,0.04314,0.72783,0.33452
0.99078,-0.25373,0.26111,0.72355,0.80408,0.34134,0.020211,0.72315,1.3475,0.78294
0.82147,1.3741,1.0297,0.38836,0.46892,0.45881,0.55289,0.34386,0.45515,0.385
0.73398,0.12417,0.56222,0.62555,0.35676,0.82705,0.41481,0.85695,0.13203,0.16494
0.37662,1.2778,0.83873,0.67862,0.44397,0.89671,0.53735,1.0687,0.11523,0.27735
1.1552,0.23247,0.25346,0.52962,0.53081,0.78851,0.94298,0.63253,0.6579,-0.025956
1.506,-0.14103,0.58462,1.0069,0.31959,0.46784,-0.20915,0.41888,0.73619,0.86823
1.424,-0.10507,0.29203,0.057898,0.73069,0.075674,0.46941,0.28687,0.72539,0.24398
0.37373,0.71258,0.45712,0.39353,0.32957,0.70425,0.50888,0.67142,-0.3075,0.47796
0.91808,0.79903,0.62961,0.11883,0.069613,0.42036,0.52798,0.26235,0.17235,0.62549
0.6539,0.79411,0.86387,0.52742,0.24516,0.45522,0.75919,0.34801,0.89742,0.81558
0.30461,-0.03213,0.87691,1.0267,0.18063,-0.10479,-0.26726,0.70885,0.48436,0.89834
0.0013359,0.85377,0.75443,0.86438,0.18594,1.015,0.45826,0.60411,0.13739,0.27653
0.2704,-0.055921,0.5371,1.1092,1.1286,0.051723,-0.057544,0.58007,-0.025325,1.0592
0.64411,0.49604,0.49061,0.59639,0.75786,0.98894,0.14908,0.57898,0.95168,0.56222
0.53215,0.48736,0.3041,0.99545,1.2408,0.44098,1.1297,-0.080913,0.75698,0.84744
0.69531,0.42134,0.58505,0.50949,0.43076,0.91791,0.62326,0.71476,-0.092813,-0.20157
0.93971,0.99316,0.37546,0.47393,0.98675,0.84539,0.46631,1.0175,0.23352,0.38587
0.78138,-0.085178,0.96293,0.20462,0.36354,0.015297,0.90092,0.51126,0.92315,0.31849
0.60938,0.5016,0.67636,0.52541,0.13601,0.63862,0.2789,0.64428,0.69376,0.15009
0.66356,0.071555,-0.0078145,0.59367,0.69444,0.17554,0.88354,0.22301,1.141,0.40893
0.33815,0.92344,0.24436,0.63256,-0.15544,0.75531,0.19884,-0.27075,0.62987,0.037637
0.786,-0.17453,0.44159,0.52091,0.73241,0.44024,0.11989,0.72157,0.88601,0.87434
0.65269,0.76904,-0.045181,0.17107,0.51216,0.66645,0.5912,0.70694,0.74513,0.32731
0.65894,0.89925,0.39646,0.31118,0.43922,1.1968,0.79704,1.3069,0.93075,0.48211
0.615,0.60309,0.16178,0.66416,0.77894,0.21065,0.72103,0.29206,0.28431,0.017966
1.011,0.65545,0.53163,0.25822,0.32782,0.90389,0.52067,0.11432,0.36331,0.61978
-0.019081,0.33247,1.0808,0.7939,0.3019,0.36147,0.3833,0.58836,0.37391,0.89701
0.41197,0.83362,0.78405,0.073182,-0.45968,0.61294,0.34922,0.13105,1.0568,0.12389
0.77595,0.14751,0.95252,-0.24495,0.42374,0.43214,0.81142,0.10105,0.17551,0.58812
0.79767,0.30876,0.77627,0.42941,0.3283,0.75106,0.35254,1.1275,0.31597,0.12067
0.55012,0.91671,0.031482,0.51102,0.45663,0.62411,0.79844,0.46472,0.38242,0.49945
0.42143,1.2624,0.52836,-0.084039,0.0086092,0.82028,0.49945,0.45299,0.81392,0.6456
0.028168,1.002,0.62038,0.24252,0.087503,0.41653,0.68862,-0.0018701,0.85889,0.44168
0.26763,0.81693,0.80689,-0.049675,0.29191,0.71933,0.80459,0.4253,1.2579,0.31632
0.9326,0.23039,0.61842,0.24778,0.4464,0.22983,1.041,0.18601,0.65856,0.78084
0.31786,0.78126,-0.36698,0.38571,0.66442,1.1497,0.86632,0.81634,0.75814,0.36351
-0.14915,0.53363,1.0909,1.0036,0.079646,0.094305,-0.16552,0.32317,-0.077399,0.30791
0.3916,1.0075,0.96421,1.3054,0.55401,0.39859,-0.14878,0.58652,-0.30433,0.77964
0.41242,0.72545,0.72799,0.7714,0.59002,1.2139,-0.094082,0.51702,0.15235,-0.0097527
0.87235,0.36255,0.71453,0.67896,0.47194,0.6389,0.016303,1.5038,0.032426,0.33169
0.8238,1.2228,0.47572,0.85267,0.47773,0.71535,0.47285,0.6414,0.61037,0.27087
0.53933,-0.000354,0.95526,0.7942,0.34031,0.26271,0.11993,0.49691,0.16969,0.36812
0.96511,0.14955,0.35019,0.40939,0.25718,0.6569,0.35505,0.44317,0.82551,0.92945
0.5743,0.80731,0.28084,0.70327,0.36738,1.2558,0.72415,0.5761,0.46112,0.26213
0.055533,0.43896,1.0492,0.87774,0.34039,0.48193,0.14122,0.57231,-0.1416,0.90136
0.60207,0.39901,0.39492,-0.098861,0.51999,0.86459,1.121,1.0558,0.46648,0.30161
0.78483,0.76395,0.89391,0.86377,0.63462,0.46289,0.48318,0.89784,0.49422,0.1831
0.45663,0.90427,0.92516,0.29776,0.043658,0.72954,0.1873,0.40057,1.1365,0.1648
-0.01094,0.64785,1.1106,0.77844,0.32554,0.012142,0.14017,0.71777,0.30635,1.1214
0.40708,0.36378,0.83004,0.62686,0.8341,0.25808,0.47666,0.14736,0.17309,0.60665
0.39656,0.70476,0.76274,0.86262,0.53559,0.29709,-0.48728,0.64009,0.057884,0.068565
0.54231,0.52613,0.45445,1.1975,0.60627,0.58662,0.19601,0.93108,-0.176,0.86954
0.4472,0.35717,0.41026,-0.23133,0.65464,0.54235,0.56183,0.26717,0.92978,0.95118
0.29778,1.066,0.41997,0.25558,0.33077,0.55858,0.54932,0.12314,0.92671,0.054649
0.47032,0.79386,0.40105,0.57249,0.59159,0.78221,0.42367,0.89832,0.091599,0.075719
0.613,0.52137,-0.0056949,0.60093,0.67825,0.48875,1.0344,1.1461,0.78111,0.039581
0.24939,0.68328,0.54888,0.961,0.86864,0.46378,1.0581,0.044483,0.48405,0.82792
0.50728,0.32665,0.8329,0.050478,0.76624,0.76906,-0.41086,0.40213,0.74932,0.47321
1.0693,0.7115,0.75215,0.49464,0.33959,0.62503,0.28469,0.3569,-0.18087,0.18732
0.8938,0.20506,0.36002,0.34772,0.32547,0.53918,0.49855,0.10837,0.66053,0.71173
0.67802,0.012259,0.27838,0.13702,0.34025,0.30445,0.46335,0.46799,0.65607,0.59105
0.92547,0.050573,0.84969,0.25333,0.53987,1.2591,-0.15977,0.58009,1.2248,0.70993
-0.03538,0.034832,1.2578,0.93755,0.38509,0.073432,0.089364,0.72274,0.3162,0.88759
0.69938,0.16721,0.6815,0.44453,0.27726,0.66497,0.11395,0.44604,1.0305,1.0329
0.70193,0.85488,0.17161,-0.47947,0.3349,0.27078,0.16196,0.082849,1.2476,0.27643
0.026163,0.96206,0.30928,0.57738,0.19762,0.8517,1.1024,0.70695,0.57905,0.028287
0.74302,0.68887,0.4106,0.3884,-0.47745,0.63767,0.46446,0.11541,0.7711,0.20452
0.69121,0.8267,0.31516,1.1301,0.97865,0.3049,0.78072,0.32196,0.65065,0.18652
0.63126,0.87525,0.010527,0.33452,0.48549,0.93977,0.54803,1.3288,1.1475,0.16714
0.92065,0.48824,-0.27825,0.69751,0.9751,0.069383,0.98079,0.59385,0.36126,-0.21756
0.24698,0.6535,0.38393,0.57638,0.91861,0.5252,1.0779,0.1529,0.35083,0.69057
0.61547,0.94272,0.37354,0.47896,-0.16733,0.77208,0.3094,0.32793,0.98925,0.19101
0.20366,0.73601,0.62609,0.23674,0.19157,0.77181,0.060143,0.040072,0.68047,0.02752
0.098742,0.11563,0.77277,0.80235,0.15319,0.34408,0.43986,0.14289,0.3124,0.53274
0.50253,1.231,0.37542,0.55209,0.032309,0.22494,0.13452,0.54373,0.35065,-0.20889
0.94998,0.36621,0.58346,0.55765,0.3529,0.48633,0.8835,0.28566,0.82962,0.83074
0.85966,0.22694,0.17197,0.032498,1.0709,-0.24444,0.52706,0.86955,0.81929,0.85808
1.161,0.17802,0.69766,1.1586,0.47524,0.59274,0.17513,1.0419,0.066334,0.1111
0.4158,0.95298,0.35806,1.1935,0.31213,0.10172,0.90528,0.45229,0.32126,0.4779
0.32238,0.89239,0.24736,0.55204,0.54442,0.45602,1.0168,-0.21421,0.59468,0.48987
0.39824,0.82123,-0.19124,-0.1109,0.77669,1.071,0.38795,0.82002,0.30392,0.16627
0.23361,0.45071,1.1559,1.0956,0.73803,-0.078451,0.039501,0.07223,0.46903,0.86773
0.61362,0.84196,0.91808,0.44188,0.52536,0.88561,0.51686,1.1725,0.025927,-0.025486
0.75421,0.68738,0.96774,0.9671,0.29684,0.81633,0.049032,1.0308,0.25983,0.21006
0.64113,-0.070028,0.4636,0.16677,0.4557,0.33116,0.83727,0.67871,0.87525,0.42041
0.99207,0.30421,0.72024,0.2964,0.087709,1.307,0.04999,0.23749,1.0961,1.0907
1.5729,0.0021333,0.70233,0.11152,0.47082,0.42026,1.0008,0.35441,0.93624,1.0319
1.1035,1.2687,0.3764,0.76008,0.26199,0.59835,0.050213,0.32702,0.84753,0.73923
0.17674,1.0412,0.46841,0.53372,0.59789,1.1206,0.44314,0.99556,0.74395,0.14946
0.96963,0.090934,0.76791,0.192,0.31188,0.18316,0.80897,0.44968,0.58997,0.76679
0.52308,0.73541,0.46275,0.25195,0.37673,0.88492,-0.23301,0.79019,0.70912,0.99121
0.21186,1.1589,0.24574,-0.26204,0.60338,0.66823,0.22293,1.1811,0.58849,-0.14045
0.80886,0.87064,0.45201,0.66965,1.2007,0.14711,1.2848,0.24882,0.41341,0.38165
0.89889,-0.041669,1.0162,0.30869,0.13487,0.90344,0.17204,0.50026,1.0575,0.39814
0.15266,0.51227,0.99435,0.72195,0.48873,0.085663,0.30332,0.16862,0.015191,0.78967
0.76712,0.43676,0.58671,0.12257,0.42557,-0.079534,0.41179,0.27221,0.47913,1.1475
0.77891,1.1809,0.5032,0.60632,0.55801,0.21447,1.1541,0.06474,0.59716,0.8581
0.72772,0.16736,1.0049,0.9232,0.3197,0.49719,0.27926,0.98643,0.26221,0.38544
0.9986,0.12347,0.25513,0.384,0.27446,0.95617,0.0056645,0.74485,0.97965,0.45275
0.32612,0.60275,0.12096,0.51217,0.44251,0.76103,0.67661,0.67779,0.35391,-0.20034
0.6196,0.83623,0.6946,-0.0032835,0.0038735,0.92441,0.51865,0.30383,0.71935,-0.064715
1.0855,-0.031774,0.041389,0.66002,1.0031,1.2728,-0.19176,0.24337,0.71829,0.91363
0.61039,-0.062284,0.53226,0.26427,0.97771,0.99084,-0.14433,-0.078536,0.83999,0.63396
0.67572,0.62495,0.78449,0.47208,0.95545,0.12215,0.65601,-0.015009,0.33444,0.63882
0.90184,0.78363,0.5214,0.26111,0.088586,-0.00098202,0.41771,0.40697,1.0452,0.23127
0.51772,1.0225,0.42868,0.19497,0.061629,0.69241,0.23384,0.1824,0.69831,0.54055
0.52095,0.80624,0.79141,0.74074,0.53813,0.84631,-0.0039332,0.66424,0.10094,0.72441
0.020295,0.22094,0.49666,0.96913,0.30095,0.12246,-0.10547,0.31897,0.72482,0.76123
-0.36304,0.02876,0.78002,0.64517,0.31441,0.10664,0.093619,0.53493,0.31908,0.87973
0.53626,0.25993,-0.045773,0.33904,0.34869,1.3718,0.67331,0.7697,0.34732,0.13984
0.51386,1.233,0.11401,0.033711,0.41658,0.3824,-0.096645,0.33178,0.49251,0.69653
0.86203,0.49176,0.3118,0.50951,1.2211,0.37956,0.99951,0.21284,0.61436,0.52661
0.87252,-0.066065,0.68665,-0.0041645,0.39661,0.33008,0.38712,0.85063,0.82333,0.71826
0.81519,-0.15718,0.55586,0.45856,0.26084,0.89432,0.83862,0.26587,0.43766,0.6946
0.36997,0.35681,0.52955,1.1429,1.0592,0.68469,0.537,-0.018815,0.49855,0.014857
0.36041,0.2759,0.70837,-0.052451,0.53427,0.38097,0.61571,0.13247,0.72832,0.69344
0.77394,0.1881,0.50611,-0.083053,0.4584,1.0405,0.14843,0.44871,1.3718,0.44202
0.78,1.2524,-0.03686,0.43288,1.0838,0.1366,0.69386,-0.056145,0.24212,0.70704
0.7532,0.73216,0.5027,1.1095,0.77229,0.90012,0.64301,1.2804,0.33203,0.43127
0.87436,0.56644,0.5193,0.30979,0.7241,0.97987,0.98605,1.0548,1.0186,0.047675
0.063865,0.02884,0.99537,1.0955,0.63418,0.13936,0.17787,0.63373,0.5594,0.69996
0.91418,0.73784,0.8573,0.87353,0.87687,0.44866,-0.15186,0.54746,0.12732,0.47858
0.19137,1.0449,0.12358,-0.23421,0.2149,0.38303,0.44887,0.33895,0.10211,0.077539
0.62721,0.56915,0.58673,1.2001,0.88136,0.6267,0.34099,0.82232,0.39349,0.51889
0.84131,-0.072506,1.1678,0.24242,0.70189,0.68592,0.13743,0.43778,1.1449,1.2552
0.5762,0.56051,0.67021,0.76149,0.391,0.69564,-0.014596,0.67877,0.13714,0.62087
0.99525,0.28776,0.41639,0.21912,0.91943,0.65825,0.4447,0.63508,0.61331,0.76145
0.85724,0.5853,0.74948,0.1213,0.6501,0.68688,0.35959,0.22625,0.77804,0.85963
0.4403,1.1194,0.34743,-0.23908,-0.28071,0.71997,0.77755,0.22055,0.67175,0.42286
0.35736,0.31743,0.92789,0.89375,0.42225,0.13817,0.31217,0.80639,0.20389,0.58467
0.56978,0.32167,0.65215,0.25073,0.096747,0.82322,0.13844,-0.031919,0.73067,0.9426
0.6868,0.64527,0.24998,0.68313,0.58035,0.53404,0.18378,0.62273,0.54361,0.078704
0.74207,1.059,0.77824,0.86985,0.10706,0.53789,0.326,1.0165,0.49426,0.2277
1.0876,1.1393,1.0993,0.73359,0.27889,1.0786,0.38258,0.71794,-0.02919,0.82806
-0.35241,0.63042,0.85193,1.1265,0.55349,0.26338,0.27183,0.41078,0.42677,1.0143
0.82669,0.48671,0.078293,0.40118,0.73647,1.0167,0.14165,0.44582,0.87189,0.45877
1.147,1.1445,0.50288,0.99024,0.36288,0.89323,0.066866,0.29257,0.82796,-0.047484
0.56253,0.41743,0.21564,0.63209,0.46584,0.88138,0.78737,0.12393,1.1414,0.39442
0.77634,0.43326,0.3402,0.29485,0.31737,1.3219,-0.24807,-0.05637,1.4058,0.9507
0.38223,1.0757,0.75661,0.80596,1.1351,0.32692,1.1087,-0.19344,0.45538,0.27072
1.185,0.45844,0.28687,0.20307,0.59262,0.18831,1.0995,0.69348,0.91885,0.91709
0.69737,0.95404,0.1118,0.084695,0.54247,0.91173,0.84946,1.3341,0.42749,0.069226
0.98495,0.6308,0.39238,1.0667,0.43556,0.9567,0.40903,1.0311,-0.17334,0.36421
1.1291,0.45809,0.97919,-0.053491,0.8102,0.39538,0.1243,0.20132,0.82161,0.87681
0.45693,1.0091,0.038623,0.39429,0.24666,0.39703,0.9363,-0.26036,0.80967,0.20255
0.71303,0.6158,0.53341,0.31878,0.62932,0.36218,0.63005,0.36891,0.7544,0.81725
0.5584,1.0231,-0.056393,0.15389,0.54135,1.026,1.1824,0.55884,0.4991,0.53567
0.59436,0.2223,-0.052558,1.3979,0.99538,0.12216,0.78614,0.047268,0.5164,0.90963
-0.11972,-0.026199,1.3525,0.9811,0.36673,0.28717,0.048916,0.45986,0.2702,0.8111
-0.19599,0.20719,0.92665,0.66863,0.61486,0.21642,-0.090842,0.51109,0.45383,0.79384
0.75544,0.0091088,0.52468,0.52289,0.19768,0.60293,0.4057,0.42533,0.78302,0.56542
0.30398,0.67109,0.54709,0.63467,0.72009,0.23262,1.0706,0.47997,0.91132,0.66944
0.35643,0.65476,-0.29716,0.24834,0.2987,0.5814,1.0187,0.91362,0.54527,0.12332
-0.1528,0.41559,1.2817,1.0025,0.42976,0.57123,-0.012793,0.78708,0.24832,1.0713
0.7791,0.91304,0.11681,0.26088,0.50243,0.92588,-0.089937,-0.0041522,0.30577,0.45413
0.40696,0.52693,0.82557,0.52012,0.4916,0.24439,0.80998,0.70635,-0.086449,0.68035
0.26915,0.44241,0.42853,0.72793,0.5063,0.072459,0.91878,-0.25741,0.36701,0.31158
0.46402,0.36313,1.0504,-0.25275,0.22674,0.17202,0.95018,0.53639,0.49975,0.69241
1.5522,0.92068,0.56445,0.37467,0.22124,0.57113,0.88002,0.43553,0.43416,0.62161
0.301,0.16811,0.048577,0.32588,0.6055,0.6991,0.13055,0.11277,0.87367,0.79553
0.47938,1.233,-0.11035,0.10198,0.7834,0.72209,0.55662,0.7887,0.11938,-0.06736
0.58853,0.69602,0.29221,0.25124,0.73824,1.145,0.79919,0.57368,0.7393,-0.20461
0.65809,0.52608,1.0055,0.062668,0.77915,0.34795,0.73542,0.5072,0.8923,0.66371
0.20031,0.38377,0.073696,0.83938,0.92045,0.23729,0.68905,0.39335,0.26136,0.078329
0.7187,0.40541,0.77453,0.84014,0.30349,0.83137,0.22977,1.2756,0.31605,0.3667
0.63561,0.92373,-0.19062,0.14212,0.51926,1.0417,0.15947,-0.21799,0.71312,0.20067
0.27184,0.72795,0.25587,0.18022,0.11176,0.67705,0.61561,0.59019,0.9466,0.49497
0.27753,0.35139,1.0801,0.51953,0.48225,0.41698,-0.24267,0.62468,0.21282,0.94951
-0.032242,0.29912,0.40406,0.94314,0.070968,0.30309,0.10735,0.57213,0.31444,0.93043
1.0284,0.20295,0.406,0.3127,0.79982,0.48664,1.032,0.63035,0.48219,0.41015
0.34652,0.47845,1.0407,0.85239,0.086702,0.48931,0.21215,0.35535,0.027521,0.8408
0.36386,0.67018,0.48954,0.11141,0.23604,0.66422,0.44804,0.26092,0.62205,0.0089314
-0.24627,0.67872,0.88522,0.64366,0.83838,0.01423,-0.00015465,0.35407,0.2607,1.0524
0.49751,0.60648,0.58429,0.87446,0.81632,0.35588,0.43695,0.59253,-0.098563,0.59188
0.036061,0.65878,0.65701,1.1629,0.38903,0.13261,-0.32862,0.4828,0.036001,1.144
0.75928,0.42138,0.8827,0.21174,0.84081,-0.27578,-0.058228,0.12072,0.25762,0.72706
0.18629,0.75057,0.38849,0.74351,0.3495,0.71419,-0.0081512,0.29397,1.1264,0.40842
0.3985,1.0216,0.39,0.56017,0.22874,0.86871,0.70155,0.89638,0.92006,0.062398
1.0406,0.3276,0.74435,0.027117,0.53505,0.86539,0.079124,0.39867,1.2622,0.62256
0.25116,0.5978,0.68054,0.95878,-0.11967,0.43066,-0.12714,0.77523,0.44469,0.43406
0.42867,0.48418,0.5789,-0.19709,0.46727,0.56142,1.3944,0.92562,0.817,-0.093522
0.95736,0.37565,0.83036,1.1995,0.26244,1.0926,0.48771,0.64007,0.24827,0.30422
0.17837,0.57164,0.48711,-0.22491,0.57807,0.97284,0.18235,-0.53442,0.95818,0.10603
-0.0020052,0.42321,0.84881,1.0748,0.13194,0.40082,-0.16516,0.2679,0.4077,1.1314
0.36789,1.1828,0.45238,0.21462,0.95588,0.69892,0.38138,0.77006,0.72763,0.32823
0.91473,-0.1508,0.82846,0.20556,0.37569,0.49799,1.385,0.35567,0.37597,0.14271
0.40256,0.066374,0.74971,0.23691,0.31125,0.097705,0.76644,0.32743,0.45435,0.60723
0.87281,-0.10809,0.24719,0.12736,0.41184,0.72178,0.30997,0.16352,0.99375,0.91254
0.72036,0.15129,0.97251,0.46202,0.27453,0.93354,0.095912,1.2967,0.24376,0.60307
0.97586,0.33164,1.0632,0.7074,0.3015,0.29546,0.24561,0.6479,0.28293,0.73497
0.79161,0.36485,0.90792,0.48956,0.56329,0.4523,-0.035455,0.9831,0.45065,0.35163
0.62596,0.7836,-0.025172,0.07117,0.2599,0.66488,0.8275,0.38005,0.29447,-0.016617
0.42052,1.1451,0.18822,1.0695,1.1211,0.47662,0.87963,0.51245,0.57685,0.6041
0.56222,1.06,0.84333,0.44022,0.62898,0.61421,0.15449,0.70276,0.31074,0.042883
0.62544,-0.1268,0.27313,0.40575,0.57467,1.1878,0.020837,0.37368,0.52947,0.76244
0.64954,0.62774,0.7818,0.50953,0.60284,-0.15155,0.5352,0.2556,0.41065,0.13328
0.8427,-0.29346,0.59267,0.3778,0.0092008,0.46093,0.68265,0.17774,-0.25359,0.52541
1.0932,0.84082,0.51141,0.90451,0.69916,0.90964,0.15861,1.0929,0.094441,0.69697
0.02796,1.1506,0.72129,0.2765,0.24402,0.81441,0.42693,-0.08586,0.66601,0.97173
0.8903,0.42048,0.62583,0.81877,0.09196,0.6509,0.48584,1.1652,0.68754,0.88149
0.65282,1.2073,0.61734,-0.37599,0.31762,0.53722,0.88295,0.89628,0.73288,0.4548
0.93991,0.4791,0.49309,-0.49163,0.64362,0.53928,0.71133,-0.16855,0.99291,0.73209
0.29958,0.59932,0.51577,-0.51511,0.38294,0.73648,0.74566,1.1441,0.67299,0.24784
0.74079,0.78127,0.37044,0.82211,0.48323,0.19541,0.77671,-0.11643,0.58498,0.86092
0.2604,-0.50976,0.72378,-0.16443,0.37185,0.83645,-0.11883,0.21698,0.95306,0.63577
1.0649,0.57605,0.39479,0.25279,0.64243,0.87244,0.73586,0.71267,0.85838,0.66581
0.72356,1.0848,0.59624,0.6365,0.048301,0.18478,0.23035,1.14,1.1917,1.0049
0.62569,0.48187,1.1734,0.50217,0.58296,0.77788,-0.01177,1.2611,-0.031714,0.26622
0.39201,0.63129,0.15883,-0.24412,0.83161,0.53928,0.61146,1.0269,0.45899,0.078815
-0.059766,0.35992,0.37355,1.1949,0.77822,0.20761,0.19867,0.23796,-0.048797,0.3137
0.28949,0.63517,0.26045,1.1249,0.7983,0.23029,1.1508,0.3234,0.29571,0.35759
0.074806,0.48761,0.77624,0.58328,0.1653,0.13531,0.14711,0.99445,0.25934,0.74782
0.82397,0.52391,0.5004,0.42846,0.88544,0.61301,0.55656,0.29401,0.54986,0.40893
0.27494,1.3555,0.51613,-0.32439,0.34125,0.99637,1.0307,0.87143,0.46029,0.45297
0.42449,1.0672,0.70688,0.40514,0.31508,0.62233,0.14347,0.32586,0.92911,-0.017151
0.44118,0.70764,0.9143,0.98944,0.91783,0.20066,0.43159,0.60141,0.57917,0.32387
0.29005,1.0933,0.49481,0.45665,0.55724,0.9966,1.0435,0.7581,0.40976,0.17303
1.1507,0.16097,0.79608,-0.063224,1.1013,0.27515,0.73712,-0.028232,1.1326,0.77066
0.20086,0.77714,-0.082257,0.31672,0.75179,0.86326,0.56124,1.0347,0.72333,0.13437
0.99019,0.19959,0.048261,-0.25474,0.72136,0.58953,0.41331,0.50285,1.0653,0.37501
0.61507,0.81722,0.28716,1.0806,0.037588,1.0617,0.66016,-0.40634,0.87836,0.1554
-0.030324,0.77002,0.034932,0.11811,0.12327,0.39105,1.1166,0.32036,0.58847,-0.072599
0.57095,0.29086,0.07336,0.22328,0.50613,0.94314,0.98893,1.0055,0.78964,0.22444
0.36866,0.14752,0.70792,0.82677,0.51077,0.33413,0.22689,0.55229,0.085035,0.40397
-0.11194,0.60774,0.94513,0.94425,0.60394,-0.031677,0.31196,0.47686,-0.065798,0.52252
0.73401,0.13584,0.15102,1.3693,0.85623,0.11802,0.9694,0.11388,0.23121,0.35211
0.73932,0.67279,0.53331,0.26508,0.36211,1.0796,0.32641,0.38812,1.0442,0.24746
0.63145,-0.48237,0.7014,0.69176,0.71311,1.3329,-0.11174,0.16747,0.78785,0.33046
0.62803,1.152,-0.026107,0.43037,-0.089014,0.72516,0.77596,-0.092397,1.0023,0.59489
1.0296,0.051997,0.052353,0.27384,0.48887,0.16504,0.99127,-0.24649,0.53838,0.85451
0.51896,-0.17055,0.91244,0.30982,-0.061737,0.35562,1.0155,0.7715,0.90015,0.33919
0.31495,0.55321,0.28109,0.80789,0.15059,0.69933,0.20426,0.33432,0.33755,0.83106
0.54203,0.13535,0.63189,0.52531,0.083608,0.67349,0.0032081,0.65834,0.75243,0.66351
0.782,-0.512,0.72596,0.020839,0.47809,-0.08927,1.0921,0.33621,0.72644,0.59005
0.51101,0.22384,0.28246,0.71948,0.51858,0.85378,-0.12736,0.1392,1.0432,0.38812
0.98218,-0.2575,0.91764,0.34711,0.89826,0.1873,0.86148,0.92401,0.87755,0.87174
0.62213,0.68904,0.21043,0.044706,0.73953,0.68325,1.2004,1.0378,0.1569,0.071654
1.0765,0.22387,0.57591,0.30953,0.45409,0.16153,0.9229,0.85813,0.80142,0.48065
0.39646,0.78234,0.37701,-0.037732,-0.15838,0.74219,-0.14633,0.1651,0.58814,0.84479
0.49139,0.48831,0.060401,0.85194,0.61748,0.41885,0.55509,0.1748,0.60869,0.45208
0.57741,0.44723,0.45295,0.33884,0.25415,0.96486,0.84374,0.8099,0.7283,0.36429
0.78146,0.80866,0.49649,0.59852,0.29017,0.90323,0.92845,0.25717,0.35682,0.44253
0.51249,0.52232,0.29817,1.1867,1.1245,0.26519,1.0216,0.23065,0.44772,0.24225
0.22844,0.43352,0.34148,0.36585,0.79359,0.36836,0.4594,-0.24039,0.54158,0.0916
0.51681,0.38498,0.4979,0.72158,0.1534,0.93293,0.31175,0.44294,-0.084011,-0.063674
0.80321,0.58257,0.35261,1.0717,0.7418,0.90433,0.39941,0.91882,0.11246,0.21437
1.1097,0.48282,0.17956,0.3607,0.29354,0.51783,0.80781,1.2631,0.50968,0.13215
0.60225,0.28461,0.20121,0.39001,0.20844,0.81669,0.56656,0.14055,0.75618,0.60894
0.38151,0.77049,0.40018,0.90869,0.9771,0.36064,0.88652,0.028277,0.22708,0.61639
0.67894,0.91113,0.50084,0.24664,0.064143,0.60371,1.1251,1.0943,0.96066,-0.26582
0.44274,0.60749,1.0051,0.66751,0.85896,0.57122,0.84903,1.0845,0.31233,0.4589
0.66714,1.0929,0.18742,0.12746,0.1196,0.84583,0.55963,0.53443,0.43546,0.32307
0.78014,0.21198,1.0245,0.97588,0.42107,0.66956,-0.31126,0.3158,0.33959,1.2384
1.1367,0.033103,0.36289,0.19673,0.7427,0.093855,0.17953,0.54052,1.3678,0.33729
0.4792,0.64442,0.60492,-0.028804,0.19264,0.94732,0.24351,0.37643,1.2746,0.4923
0.74542,0.66452,0.046219,-0.20715,0.34169,0.73085,0.81791,0.58655,0.14816,0.28969
0.6595,-0.35039,0.68025,0.62081,-0.040574,0.78389,0.26202,-0.078005,0.97643,0.99816
0.58938,0.63928,-0.23154,0.68381,0.63509,0.56424,0.42055,0.18606,0.9101,0.25837
0.84333,0.4915,0.17529,0.34858,0.39606,0.36586,0.77441,0.02431,0.45064,1.0054
0.19195,0.65859,-0.004537,0.35065,-0.062132,0.3474,0.3358,0.063104,0.70196,0.35656
0.25925,0.49218,0.86284,0.60464,0.37179,0.25784,0.099835,0.36476,0.5148,1.1293
0.78165,1.2565,-0.0027972,0.30909,0.31856,1.0169,0.21852,0.55644,1.0021,0.56067
0.71343,0.6139,0.39532,0.98759,0.73953,-0.044714,0.89787,0.12396,0.8306,0.7009
0.68932,0.65484,0.37529,-0.18298,0.67815,0.81321,0.94372,1.1767,0.3524,0.6288
0.54661,0.5702,0.50566,0.34817,0.47103,0.91049,0.4825,0.52271,0.865,0.28922
0.41807,0.37611,0.48096,0.099455,-0.12282,0.15345,0.86939,0.27484,0.68295,0.72938
0.50015,0.8045,0.66114,0.90901,1.2815,0.02893,0.37907,0.038952,0.6809,0.42929
0.76137,0.17581,0.66511,0.80705,0.38702,0.44149,-0.064134,0.71448,0.77828,0.053177
0.98381,1.0307,0.49253,0.30863,0.076274,0.9545,0.36138,-0.13195,0.58537,0.75354
0.31097,0.99873,0.48771,0.20523,0.55702,0.82398,0.71366,0.19242,0.6942,0.14408
0.43892,0.85975,0.54758,0.51367,0.4822,1.3396,0.12218,0.83015,0.71716,0.52229
0.87002,0.64361,0.74765,0.23553,0.097344,0.90968,-0.036451,0.264,1.6004,0.38479
0.24471,0.99906,0.059018,0.88965,1.243,0.6432,0.99855,-0.059709,0.65691,0.34742
1.3167,0.35446,0.56894,0.21633,0.52189,1.227,0.15674,0.49506,0.67675,0.68953
0.26965,0.71356,0.60587,1.1203,0.15156,0.35719,0.015334,-0.061423,0.264,0.1431
0.72326,0.72032,0.33439,0.51419,0.31745,1.1627,0.62939,0.43659,0.96642,0.097414
0.94224,0.48701,0.98387,0.81345,0.6429,0.77133,0.25246,0.96583,0.27799,0.078396
1.0575,0.59835,1.0435,0.70221,0.078052,0.90306,0.084133,0.60726,-0.06263,0.3331
0.20121,1.2442,0.65139,0.32651,0.54315,0.8416,0.53269,0.64747,0.88403,0.42265
0.83698,-0.11028,0.43112,0.23783,0.6718,0.24176,0.92224,0.33577,0.43657,0.61813
1.2592,0.14577,0.75078,1.072,1.0416,0.71459,0.1912,-0.033515,1.3995,1.5811
0.76207,0.36249,0.31596,0.45526,0.42188,0.70418,0.84182,-0.093557,0.12632,0.45982
0.82839,0.27056,0.0017744,0.40399,0.60014,0.39735,0.918,0.69307,0.47854,0.41888
0.90487,0.22681,0.77955,0.84354,-0.044047,0.71099,0.60378,1.1962,0.058032,0.57521
0.13947,0.88205,1.2054,1.1993,-0.018771,0.7225,0.32853,0.31712,0.79476,0.91434
0.61042,-0.22734,0.74335,0.74513,0.67335,0.013935,0.92537,0.70906,0.76617,0.27384
0.76421,0.9908,0.12472,0.35207,-0.55064,0.55686,-0.22066,0.14555,0.7825,0.17711
0.69371,0.58824,1.2665,0.7201,0.2121,0.86866,0.5,0.5821,0.26497,0.51236
0.2457,0.27598,0.38816,0.81037,0.66025,-0.15049,0.78867,0.21807,0.50646,0.32148
0.26898,0.89266,0.28921,0.086184,0.4771,0.57357,0.67445,0.89313,0.63121,-0.22762
0.52843,0.75533,0.60567,0.33533,0.19793,0.80733,-0.082283,0.42735,1.0321,0.47457
0.76813,0.27226,0.53421,0.50554,0.62057,0.32308,1.1468,0.39015,-0.14521,1.0014
0.68155,0.44171,0.37904,1.1084,0.79512,0.57522,1.1158,0.15887,0.40846,0.19939
0.20935,0.3638,0.59008,0.98344,0.55222,0.36655,0.48497,0.49596,0.17041,0.90251
1.0472,1.1482,0.63447,0.23293,-0.092873,0.95809,0.57808,0.40046,0.58357,0.049973
0.77847,1.0704,1.0508,0.44317,-0.025614,0.43824,0.014424,-0.15415,1.3016,0.6766
0.5386,0.65225,0.19626,-0.41969,0.28466,0.63288,1.1291,0.43329,0.87233,0.38704
1.2565,1.4244,0.75142,-0.037021,0.29375,1.2163,-0.14967,-0.017563,1.3677,0.38988
0.65823,0.53698,0.88358,0.51186,0.46393,0.27393,0.86075,0.018882,0.27616,0.23559
0.65222,1.1677,0.3632,0.19355,0.38488,0.75898,0.63781,1.4354,0.48463,0.067414
0.49992,0.23744,0.52587,0.18329,0.38019,0.11459,0.7673,0.25262,0.43849,0.22149
0.35536,0.42604,-0.23709,0.89647,1.0465,0.19192,0.47307,0.38554,0.64142,0.61199
0.24192,0.19169,0.36723,0.52347,0.21029,0.40718,0.13453,0.54358,0.40889,0.67364
1.0818,0.3733,0.68002,-0.26293,0.86205,0.17074,0.7471,0.71998,1.1167,0.34912
0.9665,-0.157,0.57499,-0.040761,0.22346,1.0874,-0.022114,0.62655,0.97051,0.64082
0.31754,0.73827,-0.42001,0.42208,0.73835,0.43444,0.40745,0.82839,0.20173,-0.29806
0.80782,0.5758,0.70145,0.41139,0.376,0.79043,0.2197,-0.057405,1.1145,0.35212
0.62312,0.99262,0.17645,-0.24279,0.36571,0.94599,0.81585,0.84346,0.77164,0.028269
0.35377,0.98106,0.50264,-0.16072,0.37855,0.62745,0.25974,1.196,0.50085,0.14567
1.3719,0.19468,0.51942,0.069598,0.72752,0.34908,0.13992,0.6891,1.2016,1.0463
0.1825,0.7939,0.031844,-0.17539,0.62801,0.66308,0.50527,1.1761,1.02,0.37017
0.27462,0.17331,0.58843,1.0382,0.14135,0.13536,-0.37089,0.45327,0.31015,1.24
0.5757,0.2801,0.8201,0.58514,0.38247,0.19524,0.93738,0.22238,0.86903,0.87636
0.8023,1.1727,0.65634,0.13762,0.19714,0.86943,1.1273,1.1094,0.72079,0.49369
0.82791,0.96887,0.62904,1.2938,0.7418,0.29316,0.31886,0.90466,0.29997,0.17409
0.48786,1.0437,0.12238,0.18688,0.42476,0.93608,1.0594,0.7867,0.35395,-0.1707
0.46074,1.0122,-0.15548,0.55567,0.31425,0.25778,0.25976,0.52729,0.4118,0.418
0.72108,0.82401,0.52279,0.31128,0.52084,0.91087,1.0643,1.0656,0.43551,0.53611
0.25954,0.39425,0.7132,0.99119,0.2722,0.57209,0.42871,-0.1369,-0.091722,0.82172
0.61058,0.63411,0.75264,0.30801,0.14421,0.74617,0.5418,0.61158,0.92399,0.1067
1.5,0.31698,0.84016,0.13895,-0.19038,0.025971,1.0474,0.7419,1.012,0.54081
0.8334,0.21848,0.10183,-0.17957,0.56737,0.16493,1.4014,0.49442,1.2131,0.42478
0.68765,1.0193,0.48851,0.8181,0.4069,-0.0014232,0.73166,0.32776,0.69976,0.85881
1.0728,-0.10966,0.30691,0.393,0.50104,0.45047,0.06311,0.20764,0.65129,0.21139
0.9444,0.037237,0.3937,0.40394,0.91934,0.28295,0.5402,0.59222,0.78235,0.6177
0.8826,0.080736,0.82209,0.088586,0.39837,0.73033,0.12211,0.47339,0.76638,0.93831
0.56449,1.0982,0.24457,0.1074,0.49624,0.72966,0.49759,0.94546,0.47178,-0.040126
0.47033,1.0579,0.49094,0.47164,-0.27854,0.57017,0.38101,0.16797,0.93274,0.62422
1.2286,-0.22557,0.32109,0.52205,0.12745,0.5597,-0.49247,0.44659,0.81331,0.90524
0.0049436,0.41004,1.3934,0.74747,0.48543,0.18693,0.48801,0.41394,0.47822,1.1011
0.54825,0.82413,0.28684,0.60976,0.14483,0.72173,0.3231,-0.11682,0.97837,-0.11962
0.41347,0.56677,0.73938,0.28645,0.55704,0.75387,0.51014,0.62129,0.41132,-0.055677
0.54833,-0.25561,1.009,1.198,0.090257,-0.073287,0.11162,0.52162,0.21433,1.08
0.76909,0.35761,0.5714,0.16957,0.26277,0.34661,0.61916,0.69255,0.90148,0.8678
0.4582,0.39228,1.1099,0.71745,0.34872,0.17345,0.057302,0.63006,0.93369,1.1225
-0.1591,0.62826,0.1974,0.39826,0.69821,0.98331,1.5008,0.51404,0.44781,0.52021
0.15008,0.21129,1.3245,0.7949,0.39245,0.027983,0.41257,0.70419,0.13632,1.4117
0.68512,0.68119,0.46588,0.67063,0.59493,0.053768,1.0966,0.45338,1.0743,0.33334
0.18546,0.2584,-0.33661,0.52364,0.56724,0.23848,0.93386,-0.0056059,0.39227,0.080786
0.17825,0.64022,0.32606,0.51996,0.16019,0.78841,0.25842,0.055216,0.58377,0.44302
0.8445,0.46815,0.59247,0.6854,0.088908,0.71499,0.3488,1.0889,0.38734,0.77936
0.33111,0.41424,0.17035,0.10295,0.36357,1.0173,0.84309,0.80224,0.69393,0.10424
0.53278,1.3677,-0.062951,1.0849,0.60306,0.10455,0.74175,0.10639,0.14482,0.70773
1.0996,0.55366,0.05923,0.21482,0.27147,-0.10443,0.70444,0.70353,0.70244,0.39531
0.50337,0.49259,0.79554,1.2423,0.79259,1.3406,0.53329,0.21646,-0.50964,0.65293
0.85761,0.40325,0.63201,0.94056,0.52572,0.43941,-0.012557,0.68448,1.1051,0.81066
0.67026,-0.1501,0.29802,0.28663,0.39456,1.1304,0.033621,1.0559,0.74516,0.26268
0.4436,0.66653,0.44191,0.44908,-0.10602,0.63776,-0.10083,0.60915,0.52903,0.80575
0.95519,0.81699,0.0060664,0.31347,0.66011,1.1412,-0.11001,0.92534,-0.0118,0.098275
0.36516,1.1091,0.70603,0.39393,1.0608,0.74403,0.47046,0.56302,0.59703,-0.24851
0.7732,0.31564,1.1046,0.83045,0.51509,0.52028,0.060085,0.69153,0.20918,-0.08274
0.81163,0.27922,0.76746,0.87443,0.99789,0.21395,0.68471,-0.21457,0.39888,0.62674
0.38051,1.0759,0.23147,0.10331,0.54041,0.86804,1.1015,0.77973,0.30098,-0.10065
-0.014545,0.24097,1.154,0.77947,0.33059,0.022932,0.34895,0.50336,-0.14341,1.0355
1.0156,0.33163,0.15888,-0.12361,0.0069727,0.35804,1.1526,0.38995,0.66204,0.96742
0.40637,0.82254,0.41855,0.71347,0.60733,0.31007,0.76783,-0.03033,0.76905,0.43973
-0.27106,0.60785,0.40653,0.22668,0.33162,0.77415,0.67408,0.72095,-0.015659,-0.17214
0.63713,0.15189,1.0071,0.98408,0.70844,0.47614,0.004769,0.42253,-0.19309,0.55714
0.36636,0.54559,0.37588,0.25113,0.63521,0.69001,0.76248,1.5216,0.17268,-0.32302
0.33984,1.069,0.21834,0.83431,0.40834,0.29995,0.28361,0.40553,0.33559,1.053
-0.28022,0.23074,0.94794,0.63018,0.47443,0.30984,0.57074,0.83199,0.3223,1.0845
0.86091,-0.2454,0.69071,0.85085,0.30038,0.48495,0.42005,0.66982,0.73087,1.078
0.79692,0.73348,0.9003,0.099705,0.27125,1.1217,0.27318,0.24717,0.76696,0.42161
0.99642,0.26897,0.73912,0.037504,0.94746,0.60211,0.77783,0.19768,1.044,0.85274
0.49493,0.41534,0.44252,0.88756,0.52296,0.18113,0.09528,0.21054,0.4073,0.8586
0.65926,0.43952,0.51309,0.60161,-0.059404,0.5962,0.28797,0.64016,0.7309,0.63714
1.0147,0.55472,0.61839,0.93493,0.71004,-0.15994,0.56634,0.62299,0.68392,0.78082
0.82008,0.18426,0.86822,0.42141,0.64243,-0.25642,0.78303,0.82063,0.7334,0.59634
0.23597,0.47493,0.32466,0.49187,0.08736,0.35737,0.27045,0.56913,0.17696,0.29792
1.6306,0.084084,0.80528,0.58673,0.61119,0.76043,0.24699,0.80905,1.3894,0.56031
0.63234,0.361,0.49686,0.5036,0.71009,0.44617,0.45843,0.93011,0.13963,0.20262
0.54435,-0.064257,0.63047,0.55472,0.52691,0.96027,0.22032,-0.052355,0.97387,0.57385
1.0523,-0.34918,0.57534,0.14013,0.34156,0.85479,-0.55148,0.52632,0.65243,0.80833
0.62654,0.30762,0.6838,0.53143,0.35448,-0.073593,0.40706,0.00048675,0.4202,0.44998
0.22925,0.32208,0.61518,0.84091,1.3008,0.73804,0.89327,-0.35422,0.52645,0.44784
0.56759,0.45774,0.11934,0.42694,0.22685,0.58534,-0.032655,0.72806,0.71264,0.95702
1.2344,-0.30899,0.38099,0.62709,0.63084,0.84121,-0.068369,0.0079749,0.68811,0.28397
0.62588,0.59754,0.76115,1.0884,0.2669,1.0676,0.21101,1.3069,0.31618,0.6116
0.16361,1.0116,0.33086,0.19118,0.60326,0.63056,0.41627,0.7034,0.85923,0.16502
0.97751,0.5552,0.41306,0.060133,0.32356,-0.0043852,0.55751,0.75969,0.3452,0.37581
0.33718,-0.12245,0.34422,0.10223,0.40693,0.54687,0.30043,0.42753,1.1771,0.77867
0.7785,0.75373,0.4388,0.626,0.11857,0.6856,0.0015153,0.9856,0.20667,0.23024
0.42223,0.7309,0.039072,0.93473,0.49361,0.21938,1.1419,-0.091617,0.38225,0.28163
0.51544,0.74218,1.0455,0.6358,0.59512,0.31515,-0.21717,0.42151,0.24432,0.8979
0.010238,0.10435,0.96799,0.67148,0.59447,0.73441,0.76413,0.46466,0.76207,0.65596
0.72306,-0.21365,0.48011,0.86265,0.15938,0.92274,0.15351,0.89233,-0.012061,0.30022
0.32655,0.18699,1.11,0.28394,0.11632,0.80501,0.33293,0.3135,1.0232,0.55197
0.57089,0.25781,0.6798,-0.058923,1.2761,0.64102,0.48231,0.64852,0.98424,0.80244
0.6506,0.44194,0.25986,0.35734,0.025505,0.7265,0.075058,0.48792,1.1025,0.32436
0.53211,1.159,0.21583,0.5003,0.97234,0.60957,0.71172,0.85016,0.72764,0.36561
0.73641,1.3613,1.1498,0.30016,0.0046195,0.57398,0.3976,0.16861,1.2502,0.23601
0.68062,0.44771,0.92468,0.29411,0.24567,1.0246,0.56284,1.1605,0.65321,0.071508
0.2855,0.61504,0.72963,0.38596,0.80429,0.74558,0.52613,0.31588,0.84853,0.46746
0.50243,0.33224,0.43047,0.80041,0.84948,-0.13287,0.5602,0.29862,0.77912,0.38737
0.84167,0.12724,0.51076,0.41943,0.18523,0.78939,0.16324,0.21321,1.0679,1.3572
0.87529,0.2425,0.95388,1.3025,1.0318,0.28862,0.39029,0.67512,-0.10762,0.32145
0.022508,0.28232,0.69393,0.94567,0.6366,0.37769,-0.38502,0.72381,0.42328,0.6319
-0.022437,0.40948,0.8209,1.147,0.55474,0.3654,-0.08653,0.69845,0.049547,1.1451
1.1894,0.46148,1.0846,0.15931,0.50624,0.36469,1.1256,0.10661,0.73342,0.81552
0.48417,0.33804,0.31596,0.10589,0.44528,0.41962,0.90085,0.60939,0.62709,0.64696
0.50515,0.77975,0.4092,0.9403,0.51065,0.82585,0.62585,0.73638,-0.33956,0.12198
0.306,0.069727,1.1183,1.2913,0.96156,0.36188,0.27332,0.57393,0.63114,1.3192
-0.12906,0.30146,0.57088,0.76465,0.58794,0.1096,-0.23551,0.7281,0.21383,0.72117
0.24772,0.097179,0.87333,0.5256,0.35932,0.68246,0.26597,0.88555,-0.25601,0.93598
0.28472,-0.033179,0.83227,0.86691,0.48672,0.22698,-0.0732,-0.051172,0.71886,1.0829
0.51504,0.57299,0.71481,1.166,0.82771,-0.026871,0.8537,0.40199,0.44281,0.69879
0.23435,0.19728,0.83835,0.79948,0.58881,0.34105,-0.0010397,1.1486,0.18735,1.4325
0.52499,1.0112,0.59817,0.56299,0.31333,1.0553,0.14232,0.38061,0.97167,0.27647
